119.875,5.125,29.96,0,0
1,2016,1,21458.45,22.9,37.9,-99,-99,0
1,2016,2,12065.2,23.8,34.9,-99,-99,0
1,2016,3,21151.95,22.3,37.7,-99,-99,0
1,2016,4,14596.51,24.8,35.4,-99,-99,0
1,2016,5,18912.72,26.7,36.7,-99,-99,0
1,2016,6,20297.37,23.9,33.7,-99,-99,25.4
1,2016,7,21447.63,24.9,35.4,-99,-99,0
1,2016,8,10741.85,26.2,32.01,-99,-99,80.8
1,2016,9,21891.15,25.1,35,-99,-99,0
1,2016,10,15375.37,26.1,33.2,-99,-99,0.4
1,2016,11,17077.34,27.1,32.9,-99,-99,0
1,2016,12,21245.71,25.1,34,-99,-99,0
1,2016,13,22147.17,26.3,35.3,-99,-99,0
1,2016,14,20102.65,26.8,34.4,-99,-99,0
1,2016,15,21065.41,26.4,36.9,-99,-99,0
1,2016,16,21869.52,25.1,37.7,-99,-99,0
1,2016,17,20603.86,26.6,36.6,-99,-99,0
1,2016,18,21069.02,27.6,36.1,-99,-99,0
1,2016,19,21278.16,27.2,35.8,-99,-99,0
1,2016,20,20975.27,26.9,36.7,-99,-99,0
1,2016,21,18166.3,27.8,36.6,-99,-99,0
1,2016,22,21938.03,26.8,37.1,-99,-99,0
1,2016,23,22244.53,27.9,37.8,-99,-99,0
1,2016,24,21426,27.3,37.1,-99,-99,0
1,2016,25,19302.15,26.2,35.5,-99,-99,0
1,2016,26,21714.47,26.3,37.7,-99,-99,0
1,2016,27,23156.81,25.7,38.6,-99,-99,0
1,2016,28,22572.66,23.3,38.6,-99,-99,0
1,2016,29,22457.27,28.1,36.3,-99,-99,0
1,2016,30,22057.02,24.7,34.8,-99,-99,0
1,2016,31,21804.61,27.1,35.7,-99,-99,0
1,2016,32,21310.61,27.3,37.3,-99,-99,0
1,2016,33,22720.5,24.2,37.9,-99,-99,0
1,2016,34,22266.16,27.7,37.9,-99,-99,0
1,2016,35,12757.52,26.1,34.1,-99,-99,0
1,2016,36,13309.22,25.5,32.3,-99,-99,2.4
1,2016,37,19615.86,24.1,34.8,-99,-99,0
1,2016,38,10914.93,26.4,33.8,-99,-99,0
1,2016,39,11596.43,23.9,31.4,-99,-99,3.2
1,2016,40,22958.49,25.3,36.6,-99,-99,0
1,2016,41,13298.4,25.2,33.5,-99,-99,1
1,2016,42,23091.9,24.6,37.8,-99,-99,0
1,2016,43,20488.48,25.2,37.8,-99,-99,0
1,2016,44,17473.98,24.9,36.7,-99,-99,0
1,2016,45,15703.5,26.8,35.9,-99,-99,0
1,2016,46,12530.35,24.8,35.3,-99,-99,0
1,2016,47,22886.37,24.4,38.1,-99,-99,0
1,2016,48,20358.67,25.2,36.9,-99,-99,0
1,2016,49,16291.26,25.9,35.3,-99,-99,2
1,2016,50,21620.72,26.1,38.1,-99,-99,0
1,2016,51,16449.92,27.1,36.7,-99,-99,0
1,2016,52,13503.93,26.6,34.4,-99,-99,0
1,2016,53,17135.03,25.7,32.7,-99,-99,0
1,2016,54,21292.58,27,37.1,-99,-99,0.4
1,2016,55,23088.3,27.2,37.6,-99,-99,0
1,2016,56,16788.87,27.7,33.2,-99,-99,0
1,2016,57,14733.53,26.2,33.4,-99,-99,0
1,2016,58,23135.18,26.8,37.8,-99,-99,1.2
1,2016,59,18000.44,28.3,36.7,-99,-99,0
1,2016,60,21144.74,27.7,37.1,-99,-99,0
1,2016,61,13568.84,28.1,35.1,-99,-99,0
1,2016,62,13749.45,25.8,30.5,-99,-99,31.8
1,2016,63,17084.55,25.7,33.2,-99,-99,0
1,2016,64,14636.17,23.7,30,-99,-99,0
1,2016,65,17635.81,23.91,30.51,-99,-99,0
1,2016,66,18907.77,22.71,32.91,-99,-99,0
1,2016,67,19976.83,23.07,31.87,-99,-99,0
1,2016,68,18543.72,22.39,32.09,-99,-99,0
1,2016,69,18692.03,22.45,32.15,-99,-99,3.4
1,2016,70,19146.92,23.25,33.55,-99,-99,0
1,2016,71,15918.09,23.92,31.32,-99,-99,6.2
1,2016,72,18005.13,21.57,32.47,-99,-99,0
1,2016,73,19685.16,21.32,33.32,-99,-99,6.6
1,2016,74,19695.49,23.34,32.94,-99,-99,0
1,2016,75,19529.79,24.43,34.63,-99,-99,0
1,2016,76,18277.76,23.11,33.31,-99,-99,0
1,2016,77,19016.09,21.93,32.13,-99,-99,6.6
1,2016,78,18696.39,23.52,33.82,-99,-99,0
1,2016,79,19388.85,22.96,32.86,-99,-99,0
1,2016,80,20633.02,23.87,35.17,-99,-99,0
1,2016,81,15774.68,23.4,30.1,-99,-99,0
1,2016,82,17696.43,22.78,31.38,-99,-99,2
1,2016,83,17708.41,22.38,32.28,-99,-99,2
1,2016,84,19906.52,21.84,33.14,-99,-99,0
1,2016,85,17229.84,23.56,30.56,-99,-99,0.2
1,2016,86,19813.3,22.84,30.84,-99,-99,0
1,2016,87,18036.9,22.68,32.38,-99,-99,0.4
1,2016,88,17457.79,23.15,32.35,-99,-99,0
1,2016,89,19452.93,21.81,33.61,-99,-99,0
1,2016,90,18251.58,23.53,35.53,-99,-99,0
1,2016,91,20853.45,23.37,34.77,-99,-99,0
1,2016,92,19301.23,23.62,36.02,-99,-99,0.2
1,2016,93,21358.98,23.32,36.12,-99,-99,0
1,2016,94,20196.73,23.92,37.32,-99,-99,0
1,2016,95,21350.65,22.69,35.09,-99,-99,0
1,2016,96,20613.95,24.18,34.28,-99,-99,0
1,2016,97,18997.53,23.58,34.38,-99,-99,6.2
1,2016,98,19271.1,23.63,34.43,-99,-99,0
1,2016,99,21881.34,23.63,36.43,-99,-99,0
1,2016,100,18505.31,24,32.8,-99,-99,1
1,2016,101,20666.27,23.63,34.73,-99,-99,0
1,2016,102,17949.65,24.75,33.65,-99,-99,0
1,2016,103,20573.86,23.99,34.79,-99,-99,0
1,2016,104,21222.79,23.27,36.07,-99,-99,0
1,2016,105,20569.58,23.34,34.34,-99,-99,0
1,2016,106,19971.77,24.27,36.27,-99,-99,0
1,2016,107,19808.17,22.79,36.19,-99,-99,0.2
1,2016,108,18915.06,24.82,32.72,-99,-99,4.8
1,2016,109,19255.82,25.15,35.25,-99,-99,0
1,2016,110,20348.53,23.75,37.25,-99,-99,0
1,2016,111,19981.9,24.29,36.29,-99,-99,0
1,2016,112,20334.8,24.31,34.41,-99,-99,0
1,2016,113,19870.19,23.41,33.51,-99,-99,0.2
1,2016,114,20465.89,25.56,34.36,-99,-99,0
1,2016,115,18797.3,24.7,32.9,-99,-99,0
1,2016,116,19401.73,22.84,33.94,-99,-99,0
1,2016,117,19898.7,23.14,34.14,-99,-99,0
1,2016,118,19379.79,23.66,33.76,-99,-99,0
1,2016,119,19036.62,23.59,33.79,-99,-99,0
1,2016,120,20434.63,24.09,34.19,-99,-99,0
1,2016,121,18403.25,22.37,31.97,-99,-99,6.2
1,2016,122,19516.95,23.72,33.72,-99,-99,0.6
1,2016,123,18232.36,24.71,32.61,-99,-99,0
1,2016,124,20068.63,24.02,35.92,-99,-99,0
1,2016,125,18827.49,23.34,33.84,-99,-99,1.8
1,2016,126,18576.69,22.42,31.02,-99,-99,2.6
1,2016,127,21033.51,22.34,31.84,-99,-99,11.8
1,2016,128,13685.99,24.46,28.46,-99,-99,0.2
1,2016,129,15700.9,23.17,29.67,-99,-99,4.8
1,2016,130,17755.25,22.66,31.26,-99,-99,0.2
1,2016,131,17210.99,23.73,32.93,-99,-99,1.2
1,2016,132,13578.51,24.19,29.59,-99,-99,0.4
1,2016,133,21282.9,22.86,34.86,-99,-99,0
1,2016,134,14693.25,24.96,31.46,-99,-99,17.6
1,2016,135,15453.9,23.11,29.61,-99,-99,8.4
1,2016,136,18002.93,22.91,32.51,-99,-99,0.2
1,2016,137,12128.67,23.43,28.63,-99,-99,21.8
1,2016,138,18398.64,21.77,30.77,-99,-99,0
1,2016,139,18444.63,21.58,30.58,-99,-99,0
1,2016,140,19484.19,22.4,31.9,-99,-99,0
1,2016,141,15739.54,23.48,29.08,-99,-99,0
1,2016,142,17531.43,23.13,31.03,-99,-99,3.6
1,2016,143,18924.67,23.21,32.81,-99,-99,0
1,2016,144,15115.23,25.2,30.4,-99,-99,0
1,2016,145,18833.17,23.29,34.09,-99,-99,0
1,2016,146,19157.76,23.49,32.29,-99,-99,0
1,2016,147,19592.54,22.07,33.47,-99,-99,0
1,2016,148,20995.39,22.41,31.81,-99,-99,1.6
1,2016,149,18025.93,22.71,31.31,-99,-99,0
1,2016,150,19270.84,23.61,33.31,-99,-99,0
1,2016,151,17978.11,24.14,30.44,-99,-99,0
1,2016,152,17948.95,22.94,32.84,-99,-99,8.4
1,2016,153,17626.99,22.3,32.3,-99,-99,0
1,2016,154,17557.57,23.75,31.85,-99,-99,0.2
1,2016,155,19885.09,23.64,33.64,-99,-99,0
1,2016,156,21024.24,21.76,34.26,-99,-99,0.1
1,2016,157,18856.29,23.44,32.24,-99,-99,3.4
1,2016,158,18778.19,22.89,33.39,-99,-99,0
1,2016,159,20176.94,23.15,34.35,-99,-99,0
1,2016,160,19206.2,24.14,32.24,-99,-99,0
1,2016,161,16478.75,22.49,32.49,-99,-99,4
1,2016,162,17612.47,23.77,32.07,-99,-99,0.1
1,2016,163,18922.39,23.28,32.98,-99,-99,0
1,2016,164,18430.93,23.88,32.18,-99,-99,0
1,2016,165,15607.82,22.81,30.41,-99,-99,8.4
1,2016,166,21030.07,22.24,33.34,-99,-99,4
1,2016,167,21182.05,22.05,34.45,-99,-99,0
1,2016,168,17440.31,23.68,31.98,-99,-99,0
1,2016,169,19070.32,22.2,32.7,-99,-99,4
1,2016,170,19858.87,22.15,30.85,-99,-99,0
1,2016,171,19406.65,23.08,32.68,-99,-99,0
1,2016,172,16771.52,23.84,31.14,-99,-99,0
1,2016,173,19437.24,24.25,32.35,-99,-99,4
1,2016,174,21217.63,23.76,34.76,-99,-99,0
1,2016,175,18321.32,23.9,32.7,-99,-99,0
1,2016,176,18588.03,23.12,33.82,-99,-99,3.4
1,2016,177,18170.62,23.81,32.11,-99,-99,0.1
1,2016,178,16032.05,23.99,31.09,-99,-99,0
1,2016,179,17248.6,23.09,34.39,-99,-99,0
1,2016,180,18868.2,23.47,33.07,-99,-99,0
1,2016,181,20172.81,22,31.7,-99,-99,0
1,2016,182,17708.02,23.86,31.96,-99,-99,0
1,2016,183,21628.97,22.48,34.58,-99,-99,0
1,2016,184,21726.36,22.96,35.06,-99,-99,0
1,2016,185,20259.98,23.88,34.68,-99,-99,0
1,2016,186,19437.49,22.81,33.51,-99,-99,38.4
1,2016,187,19467.17,24.05,34.15,-99,-99,0
1,2016,188,19182.92,23.16,33.46,-99,-99,2.4
1,2016,189,17046.14,23.56,33.36,-99,-99,0
1,2016,190,19926.56,22.69,33.69,-99,-99,0.2
1,2016,191,21119.22,22.57,34.77,-99,-99,0
1,2016,192,19555.59,23.73,33.63,-99,-99,0
1,2016,193,19256.56,21.01,30.51,-99,-99,3.6
1,2016,194,18505.51,22.24,32.64,-99,-99,0
1,2016,195,19272.05,21.03,30.53,-99,-99,0
1,2016,196,17860.3,23.23,31.93,-99,-99,0
1,2016,197,16588.38,21.94,29.24,-99,-99,3.6
1,2016,198,17962.8,23.04,32.54,-99,-99,0
1,2016,199,17527.86,22.75,32.25,-99,-99,0
1,2016,200,18628.52,23.01,35.91,-99,-99,0
1,2016,201,19619.64,23.29,34.29,-99,-99,0
1,2016,202,20735.56,22.38,34.58,-99,-99,0
1,2016,203,19274.18,21.76,33.96,-99,-99,0.9
1,2016,204,18873.4,23.85,33.75,-99,-99,0
1,2016,205,17293.83,20.17,32.37,-99,-99,0
1,2016,206,17405.84,20.9,31.6,-99,-99,0
1,2016,207,19684.31,23.01,35.51,-99,-99,0
1,2016,208,18833.04,23.09,33.79,-99,-99,0
1,2016,209,20496.22,22.24,33.24,-99,-99,39.4
1,2016,210,18621.14,22.84,32.74,-99,-99,0
1,2016,211,19851.48,22.65,34.15,-99,-99,0.2
1,2016,212,19058.22,23.53,34.33,-99,-99,0
1,2016,213,19070.69,23.66,33.76,-99,-99,0
1,2016,214,19113.86,21.52,33.02,-99,-99,0.2
1,2016,215,19519.85,23.66,33.56,-99,-99,0
1,2016,216,19635.54,23.12,36.62,-99,-99,0
1,2016,217,20491.9,23.03,36.53,-99,-99,0
1,2016,218,19891.66,23.84,36.04,-99,-99,0
1,2016,219,18574.91,22.59,32.89,-99,-99,0.6
1,2016,220,19253.77,23.05,32.65,-99,-99,0
1,2016,221,20087.89,21.85,35.75,-99,-99,0
1,2016,222,18066.6,23.16,32.26,-99,-99,0
1,2016,223,19583.81,23.3,32.4,-99,-99,0
1,2016,224,19248.49,23.52,32.92,-99,-99,0
1,2016,225,19119.87,23.6,32.2,-99,-99,0
1,2016,226,17281.36,24.15,32.05,-99,-99,0
1,2016,227,16747.31,24.06,33.86,-99,-99,0
1,2016,228,16757.48,24.16,33.76,-99,-99,0
1,2016,229,20272.09,22.61,35.71,-99,-99,0
1,2016,230,19167.81,23.36,35.96,-99,-99,0
1,2016,231,22313.2,21.59,36.49,-99,-99,0
1,2016,232,19917.17,23.06,35.56,-99,-99,0
1,2016,233,18538.66,23.47,35.67,-99,-99,0
1,2016,234,21783.58,23.12,38.22,-99,-99,0
1,2016,235,18944.25,23.37,33.17,-99,-99,0
1,2016,236,22038.71,23.7,35.2,-99,-99,0.2
1,2016,237,20597.78,24.28,36.68,-99,-99,0
1,2016,238,20627.23,23.29,36.39,-99,-99,0
1,2016,239,18555.02,23.62,32.72,-99,-99,0
1,2016,240,19786.42,23.09,35.59,-99,-99,0
1,2016,241,18851.74,23.77,32.87,-99,-99,0
1,2016,242,21575.74,23.76,35.06,-99,-99,0
1,2016,243,21676.6,22.84,35.44,-99,-99,0
1,2016,244,18725.57,23.61,36.11,-99,-99,0.2
1,2016,245,20984.52,24.2,34.7,-99,-99,0
1,2016,246,22041.97,21.53,37.23,-99,-99,0
1,2016,247,18595.65,23.57,35.87,-99,-99,0
1,2016,248,20898.55,23.66,34.16,-99,-99,0
1,2016,249,14740.87,25.11,31.81,-99,-99,0
1,2016,250,16060.64,23.43,30.13,-99,-99,3.2
1,2016,251,14446.8,24.77,31.47,-99,-99,0.6
1,2016,252,18299.55,25.81,33.81,-99,-99,0
1,2016,253,15199.43,25.64,32.34,-99,-99,0
1,2016,254,20959.33,24.54,34.94,-99,-99,0
1,2016,255,21039.71,23.54,34.84,-99,-99,0
1,2016,256,20959.33,24.55,34.95,-99,-99,0
1,2016,257,19554.93,24.41,34.81,-99,-99,0
1,2016,258,19843.29,23.03,37.03,-99,-99,0
1,2016,259,20984.52,24.2,34.7,-99,-99,0
1,2016,260,18884.67,23.73,35.73,-99,-99,0
1,2016,261,15941.44,23.44,30.14,-99,-99,0
1,2016,262,16805.19,21.07,32.47,-99,-99,0.2
1,2016,263,21512.85,23.77,35.07,-99,-99,0
1,2016,264,18161.07,24.61,34.21,-99,-99,0
1,2016,265,20509.75,23.77,35.17,-99,-99,0
1,2016,266,20014.52,23.19,35.49,-99,-99,0
1,2016,267,21264.8,22.84,36.84,-99,-99,0
1,2016,268,20288.35,24.1,36.3,-99,-99,0
1,2016,269,19315.09,24.48,36.18,-99,-99,0
1,2016,270,19841.25,23.45,35.45,-99,-99,0
1,2016,271,20624.7,23.92,34.42,-99,-99,0
1,2016,272,18950.98,22.29,33.99,-99,-99,0
1,2016,273,18286.03,24.22,33.72,-99,-99,0
1,2016,274,20248.83,25.15,33.15,-99,-99,0
1,2016,275,19109.08,24.1,34.4,-99,-99,0
1,2016,276,17019.51,24.78,33.38,-99,-99,0
1,2016,277,18206.27,24.57,33.77,-99,-99,3.4
1,2016,278,21153.2,23.64,36.94,-99,-99,0
1,2016,279,20032.05,22.98,34.48,-99,-99,0
1,2016,280,20083.43,21.33,33.23,-99,-99,5.2
1,2016,281,19026.89,24.2,32.4,-99,-99,0
1,2016,282,18530.43,24.31,32.21,-99,-99,0.2
1,2016,283,18743.28,24.12,32.12,-99,-99,0
1,2016,284,19499.35,22.71,30.71,-99,-99,11.2
1,2016,285,18732.12,23.54,32.24,-99,-99,0
1,2016,286,17905.9,22.98,33.18,-99,-99,0
1,2016,287,12278.85,22.01,27.91,-99,-99,0
1,2016,288,15136.99,23.28,30.48,-99,-99,0
1,2016,289,15461.54,22.98,30.02,-99,-99,0
1,2016,290,18001.77,24.36,31.91,-99,-99,0
1,2016,291,15925.45,24.26,31.31,-99,-99,0
1,2016,292,19256.1,22.63,33.03,-99,-99,0
1,2016,293,17305.93,24.18,33.38,-99,-99,0
1,2016,294,18903.57,24.62,32.52,-99,-99,0
1,2016,295,16956.59,24.42,32.12,-99,-99,0
1,2016,296,16594.17,24.47,32.02,-99,-99,0
1,2016,297,17189.82,23.39,31.59,-99,-99,6.4
1,2016,298,13991.93,22.77,29.67,-99,-99,2.7
1,2016,299,18105.83,23.15,31.85,-99,-99,0
1,2016,300,18711.2,24.08,32.18,-99,-99,0.3
1,2016,301,19799.11,23.13,34.48,-99,-99,0
1,2016,302,19537.09,22.99,32.89,-99,-99,0
1,2016,303,20719.58,23.87,36.57,-99,-99,0
1,2016,304,21924.36,22.57,35.07,-99,-99,0.2
1,2016,305,18402.81,23.97,32.07,-99,-99,0.4
1,2016,306,19567.18,23.73,35.03,-99,-99,0.2
1,2016,307,17173.83,24.46,32.06,-99,-99,1.4
1,2016,308,17140.87,25.03,33.73,-99,-99,0
1,2016,309,18807.92,24.49,34.24,-99,-99,3.5
1,2016,310,16193.37,23.83,31.23,-99,-99,0
1,2016,311,18967.64,23.53,33.13,-99,-99,0
1,2016,312,20826.16,24.51,34.96,-99,-99,0
1,2016,313,18861.28,23.18,32.93,-99,-99,0
1,2016,314,20488.49,22.96,36.46,-99,-99,0.2
1,2016,315,18037.57,25.47,34.87,-99,-99,0
1,2016,316,18127.33,23.25,32.25,-99,-99,3.5
1,2016,317,17172.46,23.62,33.37,-99,-99,2.6
1,2016,318,20849.36,24.38,35.78,-99,-99,0
1,2016,319,18355.11,22.88,32.98,-99,-99,0
1,2016,320,17647.26,21.93,32.53,-99,-99,3.2
1,2016,321,20246.76,23.72,34.32,-99,-99,3
1,2016,322,16664.75,24.17,31.67,-99,-99,0
1,2016,323,16049.52,23.55,31.05,-99,-99,0
1,2016,324,19064.99,22.06,33.36,-99,-99,21
1,2016,325,18377.99,23.41,32.41,-99,-99,3.5
1,2016,326,19091.04,23.78,32.88,-99,-99,0
1,2016,327,19189.51,22.94,33.44,-99,-99,2.8
1,2016,328,16591.13,23.9,31.5,-99,-99,19.4
1,2016,329,17606.06,23.28,31.58,-99,-99,1.4
1,2016,330,17861.83,22.33,32.08,-99,-99,0
1,2016,331,18887.7,23.17,32.77,-99,-99,0.6
1,2016,332,20789.77,23.69,34.19,-99,-99,0
1,2016,333,18522.18,25.19,34.59,-99,-99,7.2
1,2016,334,18108.26,23.48,32.48,-99,-99,0.5
1,2016,335,14816.22,23.75,29.75,-99,-99,10.3
1,2016,336,18170.62,23.81,32.11,-99,-99,0
1,2016,337,17068.71,24.14,30.84,-99,-99,21.6
1,2016,338,19619.28,20.86,33.26,-99,-99,0
1,2016,339,19176.7,23.22,30.92,-99,-99,0
1,2016,340,16433.57,22.65,29.15,-99,-99,0
1,2016,341,20480.21,22.41,31.76,-99,-99,0
1,2016,342,15437.66,23.18,29.88,-99,-99,0
1,2016,343,13442.65,24.65,28.45,-99,-99,0
1,2016,344,18484.11,22.07,30.07,-99,-99,10.4
1,2016,345,17910.27,21.86,32.56,-99,-99,0
1,2016,346,18124.08,21.64,30.24,-99,-99,0.5
1,2016,347,17577.94,20.95,31.65,-99,-99,0
1,2016,348,16327.77,24.11,31.11,-99,-99,1
1,2016,349,17757.84,25.29,33.59,-99,-99,0
1,2016,350,14670.03,23.21,30.41,-99,-99,6
1,2016,351,21034.66,22.3,36.5,-99,-99,0
1,2016,352,19902.72,21.02,35.22,-99,-99,1.4
1,2016,353,22660.16,22.1,36.9,-99,-99,1
1,2016,354,17082.84,23.27,31.17,-99,-99,0
1,2016,355,18232.28,22.69,33.99,-99,-99,0
1,2016,356,18243.68,24.04,32.04,-99,-99,0
1,2016,357,16346.72,23.87,31.07,-99,-99,6
1,2016,358,19393.83,22.71,30.61,-99,-99,0
1,2016,359,18521.25,23.28,31.93,-99,-99,0
1,2016,360,20732.55,22.99,35.79,-99,-99,0
1,2016,361,19416.8,23.99,32.29,-99,-99,0
1,2016,362,18582.35,23.93,32.43,-99,-99,0
1,2016,363,20103.85,22.18,30.98,-99,-99,0
1,2016,364,18492.79,22.56,33.86,-99,-99,7.2
1,2016,365,16425.54,24.05,31.25,-99,-99,0
1,2016,366,19920.87,23.08,31.88,-99,-99,1.8
