119.875,5.125,29.96,0,0
1,2015,1,19909.52,21.53,31.03,-99,-99,0
1,2015,2,16640.56,21.33,31.28,-99,-99,0
1,2015,3,19048.8,23.83,33.33,-99,-99,0
1,2015,4,18988.87,25.08,34.73,-99,-99,0
1,2015,5,19968.35,25.6,35.5,-99,-99,0
1,2015,6,19835.54,23.01,33.71,-99,-99,0
1,2015,7,18387.52,22.85,31.75,-99,-99,0
1,2015,8,20608.17,22.33,31.83,-99,-99,0
1,2015,9,19374.17,24.94,35.44,-99,-99,0
1,2015,10,17838.44,21.65,29.85,-99,-99,0.4
1,2015,11,16528.62,21.3,31.3,-99,-99,0
1,2015,12,17381.41,21.61,30.56,-99,-99,27
1,2015,13,17999.78,22.35,30.95,-99,-99,0.1
1,2015,14,13539.16,23.25,27.85,-99,-99,0
1,2015,15,16000.84,24.02,31.12,-99,-99,0.1
1,2015,16,19658.09,22.86,30.66,-99,-99,1.8
1,2015,17,18416.92,21.61,29.91,-99,-99,1
1,2015,18,19357.65,22.5,30.6,-99,-99,0
1,2015,19,13032.04,24.29,28.89,-99,-99,0
1,2015,20,17076.63,22.82,32.02,-99,-99,0.1
1,2015,21,19757.35,22.16,32.16,-99,-99,1
1,2015,22,18246.95,24.85,35.35,-99,-99,0
1,2015,23,16813.47,22.54,32.54,-99,-99,7.4
1,2015,24,17683.82,23.86,33.66,-99,-99,0
1,2015,25,18874.35,24.76,34.41,-99,-99,0.2
1,2015,26,19003.58,24.31,33.21,-99,-99,0
1,2015,27,17230.37,23.58,31.78,-99,-99,0
1,2015,28,19891.62,25.04,36.44,-99,-99,0
1,2015,29,18557.22,22.37,33.07,-99,-99,0
1,2015,30,17835.36,22.91,32.81,-99,-99,0
1,2015,31,16195.68,23.93,31.03,-99,-99,0.2
1,2015,32,15307.05,25.12,31.22,-99,-99,0
1,2015,33,18312.11,25.29,32.99,-99,-99,0
1,2015,34,18291.51,24.12,33.72,-99,-99,0
1,2015,35,19923.97,24.28,34.78,-99,-99,0
1,2015,36,18770.29,24.94,34.14,-99,-99,0
1,2015,37,17044.09,23.81,31.41,-99,-99,0
1,2015,38,17622.66,24.91,32.61,-99,-99,0
1,2015,39,19786.72,26.04,34.34,-99,-99,0
1,2015,40,17814.13,25.32,32.92,-99,-99,0
1,2015,41,17826.52,24.95,32.65,-99,-99,1
1,2015,42,16205.11,24.45,31.95,-99,-99,0
1,2015,43,18663.26,24.07,34.07,-99,-99,0.4
1,2015,44,17363.19,24.79,32.59,-99,-99,0
1,2015,45,18449.82,25,34.2,-99,-99,0
1,2015,46,18363.84,24.27,33.07,-99,-99,0
1,2015,47,18839.97,24.78,34.18,-99,-99,0
1,2015,48,17584.45,25.13,33.83,-99,-99,0
1,2015,49,18496.9,25.88,35.88,-99,-99,0
1,2015,50,19919.15,25.41,33.21,-99,-99,0
1,2015,51,21781.15,26.13,38.33,-99,-99,2
1,2015,52,20175.14,24.44,36.64,-99,-99,0
1,2015,53,18357.71,25.04,35.84,-99,-99,0
1,2015,54,17070.01,24.58,32.08,-99,-99,0
1,2015,55,16586.87,23.57,31.17,-99,-99,2.6
1,2015,56,14531.08,24.51,30.01,-99,-99,1.2
1,2015,57,16500.58,24.34,31.74,-99,-99,0
1,2015,58,19875.06,23.27,34.27,-99,-99,0
1,2015,59,19855.83,22.92,33.32,-99,-99,0.2
1,2015,60,15823.41,23.42,30.02,-99,-99,0
1,2015,61,16049.17,23.51,30.81,-99,-99,0
1,2015,62,15875.42,23.38,29.98,-99,-99,2.2
1,2015,63,15625.75,23.21,30.01,-99,-99,0
1,2015,64,17923.68,24.16,30.46,-99,-99,0
1,2015,65,16150.68,22.67,30.07,-99,-99,2
1,2015,66,16737.02,22.79,29.09,-99,-99,0
1,2015,67,15889.26,23.44,29.04,-99,-99,2
1,2015,68,15143.56,23.15,29.45,-99,-99,6.6
1,2015,69,14830.1,23.96,29.76,-99,-99,0.2
1,2015,70,16528.74,23.17,31.27,-99,-99,0
1,2015,71,17416.04,24.22,33.42,-99,-99,0
1,2015,72,14656.81,23.63,29.43,-99,-99,0.2
1,2015,73,16203.75,23.76,31.16,-99,-99,0
1,2015,74,17942.2,22.85,33.05,-99,-99,0
1,2015,75,18008.91,22.12,32.42,-99,-99,2.2
1,2015,76,15724.2,23.06,30.26,-99,-99,0
1,2015,77,19207.88,21.48,31.78,-99,-99,1.4
1,2015,78,15951.11,22.8,30.4,-99,-99,0.4
1,2015,79,17132.63,23.2,30.9,-99,-99,0
1,2015,80,13995.53,22.6,30,-99,-99,2
1,2015,81,21686.22,24.1,32.3,-99,-99,0
1,2015,82,15484.75,22.9,29.2,-99,-99,6.2
1,2015,83,18466.19,23.5,30,-99,-99,0
1,2015,84,19983.06,23.9,31.1,-99,-99,0
1,2015,85,16978.78,23.3,31.5,-99,-99,23.2
1,2015,86,21328.64,24,34.4,-99,-99,0
1,2015,87,15236.55,24.4,31.9,-99,-99,0
1,2015,88,12475.03,22.3,31.9,-99,-99,26.4
1,2015,89,18569.44,22.34,31.14,-99,-99,0
1,2015,90,17731.06,23.85,31.85,-99,-99,0
1,2015,91,17571.65,22.59,32.59,-99,-99,0.2
1,2015,92,19595.1,22.02,32.12,-99,-99,0.2
1,2015,93,18160.08,21.39,29.29,-99,-99,14.4
1,2015,94,17033.21,23.22,31.12,-99,-99,0
1,2015,95,18228.43,22.77,31.67,-99,-99,0.2
1,2015,96,12172.88,23.71,28.61,-99,-99,4.8
1,2015,97,17335.74,23.18,31.48,-99,-99,0
1,2015,98,16042.23,23.49,30.79,-99,-99,0
1,2015,99,17032.31,23.24,31.14,-99,-99,0
1,2015,100,19158.19,24.15,33.05,-99,-99,0
1,2015,101,17859.8,24.42,33.02,-99,-99,0
1,2015,102,19688.82,22.52,35.92,-99,-99,0
1,2015,103,20225.44,23.15,35.95,-99,-99,0
1,2015,104,18878.08,24.72,32.92,-99,-99,0.4
1,2015,105,20596.18,23.33,35.33,-99,-99,0.2
1,2015,106,20244.29,23.43,37.53,-99,-99,0
1,2015,107,18331.68,24.5,33.3,-99,-99,0.2
1,2015,108,18554.87,23.15,33.35,-99,-99,0
1,2015,109,18718.87,24.02,33.22,-99,-99,0
1,2015,110,18291.51,24.1,33.7,-99,-99,0
1,2015,111,20282.07,25.6,34.4,-99,-99,0
1,2015,112,19537.9,24.58,35.98,-99,-99,0
1,2015,113,19587.82,22.91,36.31,-99,-99,0
1,2015,114,19429.63,25.04,35.24,-99,-99,0.2
1,2015,115,19470.43,23.23,36.63,-99,-99,0.2
1,2015,116,17937.74,23.93,34.03,-99,-99,0
1,2015,117,19260.64,23.72,33.82,-99,-99,0.2
1,2015,118,21249.1,22.74,34.74,-99,-99,0
1,2015,119,19857.73,23.14,34.24,-99,-99,0
1,2015,120,18969.03,23.17,33.57,-99,-99,0
1,2015,121,15446.32,25.33,32.53,-99,-99,0
1,2015,122,19013.26,25.03,34.53,-99,-99,0
1,2015,123,19480.68,23.69,34.49,-99,-99,0
1,2015,124,18711.1,22.76,32.16,-99,-99,0.8
1,2015,125,17939.53,24.23,33.43,-99,-99,0
1,2015,126,20593.66,22.23,31.33,-99,-99,11.8
1,2015,127,18612.2,23.21,32.31,-99,-99,0
1,2015,128,18594.55,23.3,32.8,-99,-99,0
1,2015,129,18838.34,23.85,33.45,-99,-99,0.8
1,2015,130,18215.04,23.01,32.01,-99,-99,7.4
1,2015,131,18644.84,23.45,33.15,-99,-99,0
1,2015,132,17495.08,22.67,31.57,-99,-99,4.8
1,2015,133,20276.18,22.14,31.54,-99,-99,2.6
1,2015,134,15797.73,23.51,31.11,-99,-99,0
1,2015,135,17677.6,21.67,31.17,-99,-99,0
1,2015,136,17318.18,23.25,31.25,-99,-99,0
1,2015,137,18829.74,21.91,31.51,-99,-99,0.4
1,2015,138,18705.76,23.09,33.99,-99,-99,0
1,2015,139,16033.37,23.61,30.81,-99,-99,0
1,2015,140,17534,22.76,32.56,-99,-99,0.6
1,2015,141,19507.11,22.68,30.58,-99,-99,0
1,2015,142,16495.11,23.98,31.78,-99,-99,0
1,2015,143,15850.69,22.76,29.96,-99,-99,0.2
1,2015,144,15870.21,22.99,30.19,-99,-99,0
1,2015,145,19675.49,22.19,33.59,-99,-99,0
1,2015,146,20461,22.1,31.1,-99,-99,8.4
1,2015,147,19419.82,22.16,33.56,-99,-99,0.2
1,2015,148,15213.91,22.2,31.8,-99,-99,4.8
1,2015,149,14027.48,24.36,29.76,-99,-99,2.2
1,2015,150,17904.18,23.68,32.88,-99,-99,0
1,2015,151,13924.25,24.06,29.66,-99,-99,0
1,2015,152,18959.53,22.17,32.97,-99,-99,3.8
1,2015,153,16910.03,23.32,31.42,-99,-99,0
1,2015,154,17474.04,23,32.6,-99,-99,0
1,2015,155,18948.64,21.98,32.68,-99,-99,0
1,2015,156,20935.64,22.18,34.58,-99,-99,0
1,2015,157,18205.48,22,32.4,-99,-99,0
1,2015,158,18960.8,21.88,33.08,-99,-99,0
1,2015,159,20394.86,22.81,33.31,-99,-99,8.4
1,2015,160,21304.38,23.21,34.41,-99,-99,0
1,2015,161,19582.04,22.14,35.34,-99,-99,1.2
1,2015,162,18606.55,22.87,32.67,-99,-99,0
1,2015,163,16910.82,22.46,32.46,-99,-99,0
1,2015,164,17603.88,23,32.3,-99,-99,0
1,2015,165,17170.85,24.06,31.36,-99,-99,0
1,2015,166,18835.19,23.21,33.91,-99,-99,0
1,2015,167,18247.18,23.24,32.04,-99,-99,0
1,2015,168,16982.6,20.89,31.39,-99,-99,1.4
1,2015,169,19018.62,21.64,31.34,-99,-99,3.4
1,2015,170,19858.87,22.16,30.86,-99,-99,0.2
1,2015,171,17064.03,22.56,32.26,-99,-99,0
1,2015,172,19614.32,23.24,32.14,-99,-99,0
1,2015,173,16934.22,24.09,30.79,-99,-99,0
1,2015,174,19648.57,23.39,33.19,-99,-99,3.4
1,2015,175,21647.54,21.79,34.49,-99,-99,0
1,2015,176,18520.04,22.92,33.72,-99,-99,0
1,2015,177,16417.85,23.88,31.18,-99,-99,0
1,2015,178,18416.03,22.86,33.96,-99,-99,7
1,2015,179,20238.34,22.42,31.22,-99,-99,4
1,2015,180,14605.36,24.82,30.32,-99,-99,0
1,2015,181,17438.87,22.73,30.33,-99,-99,1.2
1,2015,182,18335.12,21.55,30.35,-99,-99,0.9
1,2015,183,16515.1,20.95,31.05,-99,-99,0.4
1,2015,184,18306.04,23.07,32.87,-99,-99,0
1,2015,185,19061.61,22.06,32.86,-99,-99,0
1,2015,186,18025.46,22.87,32.77,-99,-99,0.4
1,2015,187,18150.47,23.79,32.59,-99,-99,0
1,2015,188,18545.79,23.19,31.79,-99,-99,0.4
1,2015,189,16132.32,22.51,28.91,-99,-99,13.4
1,2015,190,15726.69,23.28,30.58,-99,-99,0
1,2015,191,18564.61,22.76,32.66,-99,-99,0
1,2015,192,19084.98,20.95,30.55,-99,-99,0.2
1,2015,193,16120.1,22.48,32.38,-99,-99,0
1,2015,194,20887.46,22.8,34.7,-99,-99,0
1,2015,195,17649.03,24.3,32.2,-99,-99,0
1,2015,196,18991.65,23.09,35,-99,-99,0.2
1,2015,197,14026.78,24.9,34.8,-99,-99,0
1,2015,198,19323.78,23.7,35.7,-99,-99,0
1,2015,199,15281.62,24.3,34.7,-99,-99,0
1,2015,200,17820.14,21.4,35.3,-99,-99,0
1,2015,201,20913.97,23.6,35.8,-99,-99,0
1,2015,202,20181.98,24.3,35.8,-99,-99,0
1,2015,203,14769.59,24.1,34.4,-99,-99,0
1,2015,204,18599.01,22.4,34.9,-99,-99,0.2
1,2015,205,20499.29,20.4,35.1,-99,-99,0
1,2015,206,21137.53,23.6,35.8,-99,-99,0
1,2015,207,14185.44,22.2,34.7,-99,-99,0
1,2015,208,13064.02,23.7,33.2,-99,-99,0
1,2015,209,19778.12,23,35,-99,-99,0
1,2015,210,17805.72,23,32.8,-99,-99,0
1,2015,211,15606.15,22.6,33.4,-99,-99,2.4
1,2015,212,20621.89,22.2,35.1,-99,-99,0
1,2015,213,14448.67,21.8,35.7,-99,-99,0
1,2015,214,18418.71,24.9,36.4,-99,-99,0
1,2015,215,22154.38,21.4,36.3,-99,-99,0
1,2015,216,17326.14,23.2,36.9,-99,-99,0
1,2015,217,18404.29,23.6,36.3,-99,-99,0
1,2015,218,19954.81,22.3,37.4,-99,-99,0
1,2015,219,17318.93,23.5,34.5,-99,-99,1.8
1,2015,220,13507.54,24,33.8,-99,-99,1.2
1,2015,221,15883.8,22,34.3,-99,-99,0
1,2015,222,17037.67,23.8,36.6,-99,-99,0
1,2015,223,16056.88,22.9,35.5,-99,-99,0
1,2015,224,15386.19,23.4,35.9,-99,-99,0
1,2015,225,18209.58,23.4,37.3,-99,-99,0
1,2015,226,14910.22,26.5,33.8,-99,-99,0
1,2015,227,17239.6,22.8,34,-99,-99,1.4
1,2015,228,13723.89,24.2,33.8,-99,-99,0
1,2015,229,19471.62,23.6,35.7,-99,-99,0
1,2015,230,24941.71,22.7,37.8,-99,-99,0
1,2015,231,17225.18,22.3,35.8,-99,-99,0
1,2015,232,17127.82,24.7,35.9,-99,-99,0
1,2015,233,14535.21,23.1,34.4,-99,-99,0
1,2015,234,19972.84,24.7,36.1,-99,-99,0
1,2015,235,18159.09,24.1,38.2,-99,-99,0.4
1,2015,236,21379.12,24.4,36.3,-99,-99,0.2
1,2015,237,16951.13,22.9,34.2,-99,-99,0
1,2015,238,15130.17,23.2,35.4,-99,-99,0
1,2015,239,13777.98,25.3,34.9,-99,-99,0
1,2015,240,20113.47,24.3,37.2,-99,-99,0
1,2015,241,19565.38,24.6,36.8,-99,-99,0
1,2015,242,12295.97,23.1,33.4,-99,-99,0
1,2015,243,12876.51,23.9,34.9,-99,-99,0
1,2015,244,21029.35,24.6,37.2,-99,-99,0
1,2015,245,16251.6,24.4,34.8,-99,-99,0
1,2015,246,21462.06,23.7,37.4,-99,-99,0
1,2015,247,21321.43,22.4,38.1,-99,-99,0
1,2015,248,12061.59,22.9,37,-99,-99,0.8
1,2015,249,14470.3,23.3,31.3,-99,-99,3.2
1,2015,250,15184.26,23.3,36.6,-99,-99,0
1,2015,251,20517.32,22.3,37.3,-99,-99,0
1,2015,252,16222.75,24.5,36.1,-99,-99,1.4
1,2015,253,14030.39,23.6,35.3,-99,-99,0
1,2015,254,11225.03,24.8,31.5,-99,-99,0
1,2015,255,24606.36,22.6,38.6,-99,-99,0
1,2015,256,25983.8,21.4,38.8,-99,-99,0
1,2015,257,19514.9,24.3,37.2,-99,-99,0
1,2015,258,15324.89,21.9,35.9,-99,-99,0
1,2015,259,25093.16,22.7,37.9,-99,-99,0
1,2015,260,22969.31,23.1,37.7,-99,-99,0
1,2015,261,22345.49,25.4,37.7,-99,-99,0
1,2015,262,20492.08,25.7,37.4,-99,-99,0
1,2015,263,19010.08,26.9,36.4,-99,-99,0
1,2015,264,24386.41,23.8,38.8,-99,-99,0
1,2015,265,23647.21,26.4,38,-99,-99,0
1,2015,266,21909.18,24.3,37.9,-99,-99,0
1,2015,267,23813.08,23.2,38.6,-99,-99,0
1,2015,268,22879.16,22.9,37.8,-99,-99,0
1,2015,269,21004.11,23.6,37.7,-99,-99,0
1,2015,270,24682.09,25.6,37.3,-99,-99,0
1,2015,271,24728.96,22.2,39.5,-99,-99,0
1,2015,272,19431.96,23.9,37.7,-99,-99,0
1,2015,273,18422.32,23.6,35,-99,-99,0
1,2015,274,10370.44,23.8,34.56,-99,-99,8.6
1,2015,275,19817.79,23.9,35.7,-99,-99,0
1,2015,276,17275.66,25.7,34.2,-99,-99,0.2
1,2015,277,15927.07,26,37.3,-99,-99,0
1,2015,278,18418.71,24.2,36.9,-99,-99,0
1,2015,279,20311.79,24.5,37.9,-99,-99,0
1,2015,280,20776.94,23.1,38.2,-99,-99,0
1,2015,281,19745.67,27.3,36.1,-99,-99,0
1,2015,282,20679.59,25.3,35.7,-99,-99,0
1,2015,283,22738.53,25.1,37.2,-99,-99,16.2
1,2015,284,21014.93,23.6,32.3,-99,-99,4.6
1,2015,285,11556.77,23.7,34.52,-99,-99,13.4
1,2015,286,22287.8,24.1,35.1,-99,-99,0
1,2015,287,23102.72,23.9,34.2,-99,-99,3.8
1,2015,288,14596.51,23.4,31.3,-99,-99,1.8
1,2015,289,10255.06,24.7,31.9,-99,-99,2.4
1,2015,290,13280.37,24.2,33.7,-99,-99,0.2
1,2015,291,10922.14,23.7,33.1,-99,-99,0
1,2015,292,23160.42,22.2,36.5,-99,-99,0
1,2015,293,22111.11,22.1,37.1,-99,-99,0
1,2015,294,21577.45,21.9,37.8,-99,-99,0
1,2015,295,23668.84,24.2,36.6,-99,-99,0
1,2015,296,17910.29,25.2,33.9,-99,-99,0.8
1,2015,297,17578.55,24.7,36.4,-99,-99,0.8
1,2015,298,20077.41,24.1,35.5,-99,-99,9.4
1,2015,299,15858.56,24.4,36.2,-99,-99,0
1,2015,300,17841.78,24.9,35.9,-99,-99,0
1,2015,301,16377.8,24.7,35.6,-99,-99,0
1,2015,302,22320.25,22.9,37.2,-99,-99,0
1,2015,303,24011.4,25.7,36.5,-99,-99,0
1,2015,304,21714.47,24.4,34.4,-99,-99,1
1,2015,305,16799.69,23.2,33.8,-99,-99,7.2
1,2015,306,10377.65,22.8,34.8,-99,-99,8.2
1,2015,307,21357.49,23.2,32.8,-99,-99,0.4
1,2015,308,16096.54,24,31.6,-99,-99,0
1,2015,309,11322.39,24.4,34.53,-99,-99,2.8
1,2015,310,19752.88,23.3,32.1,-99,-99,1.4
1,2015,311,10731.03,22.9,31.91,-99,-99,43.6
1,2015,312,17784.08,23.6,34.8,-99,-99,0
1,2015,313,20863.49,23.8,34.8,-99,-99,0
1,2015,314,20596.65,23.7,36.9,-99,-99,0
1,2015,315,17856.2,24.2,35.7,-99,-99,0
1,2015,316,20423.57,25.4,35.7,-99,-99,0
1,2015,317,21970.48,23.9,35.8,-99,-99,0
1,2015,318,16388.62,24,35.9,-99,-99,0
1,2015,319,20102.65,23.9,36.2,-99,-99,0
1,2015,320,21014.93,23.1,37.3,-99,-99,0
1,2015,321,15231.14,24.9,33.6,-99,-99,0
1,2015,322,15047.24,23.7,32.7,-99,-99,1
1,2015,323,24530.64,24.8,33.1,-99,-99,0
1,2015,324,21526.96,25.6,34.5,-99,-99,1.8
1,2015,325,16035.24,23,33.6,-99,-99,4.8
1,2015,326,21710.86,25.3,36.2,-99,-99,0.2
1,2015,327,19031.71,25,30.8,-99,-99,0
1,2015,328,20802.19,24.3,35,-99,-99,0.8
1,2015,329,23156.81,23.3,35.3,-99,-99,10.2
1,2015,330,17949.95,24.5,35.4,-99,-99,0
1,2015,331,19677.16,25.2,33.3,-99,-99,0
1,2015,332,21887.55,24.8,36.2,-99,-99,0
1,2015,333,17982.41,24.2,34.3,-99,-99,3.2
1,2015,334,10370.44,25.9,32.1,-99,-99,0
1,2015,335,11477.44,24.7,34,-99,-99,0
1,2015,336,19810.58,23.7,35.5,-99,-99,0
1,2015,337,12112.07,21.4,32.7,-99,-99,0
1,2015,338,14506.36,24.4,33,-99,-99,0
1,2015,339,17578.55,23.4,36.4,-99,-99,0.2
1,2015,340,22853.92,23.3,36.9,-99,-99,0
1,2015,341,19208.4,22.8,36.3,-99,-99,0
1,2015,342,22558.24,21.9,36.7,-99,-99,0
1,2015,343,21736.1,23.2,37.5,-99,-99,0
1,2015,344,21624.32,24.3,37.1,-99,-99,0
1,2015,345,21177.19,21.9,37.3,-99,-99,0
1,2015,346,22839.49,21.2,38.1,-99,-99,0
1,2015,347,13749.13,22.3,34.7,-99,-99,0
1,2015,348,20340.64,24.2,36.9,-99,-99,0
1,2015,349,15779.23,24.9,32.9,-99,-99,0
1,2015,350,13770.77,24.6,35.4,-99,-99,0
1,2015,351,14390.97,24.7,35.1,-99,-99,0
1,2015,352,12887.33,25.1,33.4,-99,-99,0
1,2015,353,15909.04,24.8,35,-99,-99,0
1,2015,354,23027,22.1,36.8,-99,-99,0
1,2015,355,23488.55,21.4,37.9,-99,-99,0
1,2015,356,21281.76,22.1,37,-99,-99,0
1,2015,357,22843.1,24.6,38.4,-99,-99,0
1,2015,358,21995.72,22.9,38.8,-99,-99,0
1,2015,359,19309.36,22.2,36.7,-99,-99,0
1,2015,360,21880.34,24.3,37.8,-99,-99,0
1,2015,361,22352.7,23,38.5,-99,-99,0
1,2015,362,16994.4,23.1,37.6,-99,-99,0
1,2015,363,21516.15,23.1,38,-99,-99,0
1,2015,364,19940.39,24.9,36.3,-99,-99,0
1,2015,365,15321.28,24.9,37.1,-99,-99,0
